0 0.1778846153846154 0.22596153846153846 0.07091346153846154 0.21754807692307693
0 0.10216346153846154 0.34375 0.0985576923076923 0.10576923076923077
0 0.036057692307692304 0.20673076923076922 0.07211538461538461 0.11057692307692307
0 0.9831730769230769 0.10576923076923077 0.028846153846153848 0.21153846153846154
0 0.9302884615384616 0.037259615384615384 0.03365384615384615 0.07451923076923077
0 0.5697115384615384 0.037259615384615384 0.09615384615384616 0.07451923076923077
0 0.5865384615384616 0.16346153846153846 0.08413461538461539 0.27163461538461536
0 0.7692307692307693 0.21514423076923078 0.07572115384615384 0.14182692307692307
0 0.8040865384615384 0.05889423076923077 0.07932692307692307 0.11778846153846154
0 0.23918269230769232 0.6069711538461539 0.16706730769230768 0.4098557692307692
0 0.33052884615384615 0.7439903846153846 0.0733173076923077 0.47596153846153844
0 0.328125 0.8449519230769231 0.24759615384615385 0.30528846153846156
0 0.4326923076923077 0.5408653846153846 0.14903846153846154 0.28365384615384615
0 0.03125 0.7055288461538461 0.0625 0.19471153846153846
0 0.7475961538461539 0.6418269230769231 0.10096153846153846 0.4855769230769231
0 0.5817307692307693 0.5108173076923077 0.14423076923076922 0.22355769230769232