0 0.1778846153846154 0.11778846153846154 0.07091346153846154 0.21754807692307693
0 0.10216346153846154 0.25961538461538464 0.0985576923076923 0.15384615384615385
0 0.036057692307692304 0.0985576923076923 0.07211538461538461 0.11057692307692307
0 0.5925480769230769 0.09014423076923077 0.10336538461538461 0.18028846153846154
0 0.8521634615384616 0.16466346153846154 0.09975961538461539 0.2403846153846154
0 0.5805288461538461 0.03125 0.055288461538461536 0.0625
0 0.016826923076923076 0.4807692307692308 0.03365384615384615 0.18269230769230768
0 0.09495192307692307 0.5721153846153846 0.1346153846153846 0.38822115384615385
0 0.2620192307692308 0.4735576923076923 0.08653846153846154 0.2692307692307692
0 0.484375 0.6490384615384616 0.08413461538461539 0.20192307692307693
0 0.7908653846153846 0.7980769230769231 0.18269230769230768 0.39903846153846156
0 0.6105769230769231 0.5492788461538461 0.15384615384615385 0.4206730769230769
0 0.5853365384615384 0.8137019230769231 0.11298076923076923 0.36778846153846156