0 0.5036057692307693 0.07451923076923077 0.2536057692307692 0.140625
0 0.25721153846153844 0.359375 0.25 0.09375
0 0.3737980769230769 0.25 0.13942307692307693 0.3016826923076923
0 0.16466346153846154 0.23197115384615385 0.17668269230769232 0.21394230769230768
0 0.1045673076923077 0.18990384615384615 0.11899038461538461 0.12259615384615384
0 0.42908653846153844 0.2824519230769231 0.07451923076923077 0.24759615384615385
0 0.9507211538461539 0.09975961538461539 0.09375 0.19951923076923078
0 0.0625 0.8088942307692307 0.125 0.37740384615384615
0 0.12740384615384615 0.8954326923076923 0.10096153846153846 0.20432692307692307
0 0.0625 0.5649038461538461 0.056490384615384616 0.3016826923076923
0 0.45552884615384615 0.6622596153846154 0.11298076923076923 0.3918269230769231
0 0.33653846153846156 0.796875 0.25240384615384615 0.3858173076923077
0 0.33052884615384615 0.7211538461538461 0.10336538461538461 0.5528846153846154
0 0.8762019230769231 0.7055288461538461 0.21394230769230768 0.5841346153846154
0 0.9362980769230769 0.8040865384615384 0.12259615384615384 0.3870192307692308