0 0.2824519230769231 0.014423076923076924 0.25721153846153844 0.028846153846153848
0 0.08052884615384616 0.32211538461538464 0.16105769230769232 0.2548076923076923
0 0.15264423076923078 0.14182692307692307 0.14182692307692307 0.28365384615384615
0 0.055288461538461536 0.453125 0.11057692307692307 0.12740384615384615
0 0.18990384615384615 0.4987980769230769 0.04807692307692308 0.036057692307692304
0 0.20793269230769232 0.21153846153846154 0.07211538461538461 0.3401442307692308
0 0.6682692307692307 0.19471153846153846 0.3076923076923077 0.3894230769230769
0 0.8894230769230769 0.13701923076923078 0.11538461538461539 0.27403846153846156
0 0.921875 0.054086538461538464 0.06490384615384616 0.10817307692307693
0 0.09735576923076923 0.7932692307692307 0.19471153846153846 0.28846153846153844
0 0.5889423076923077 0.8365384615384616 0.14783653846153846 0.28365384615384615