0 0.042067307692307696 0.24639423076923078 0.08413461538461539 0.23798076923076922
0 0.22716346153846154 0.09495192307692307 0.15144230769230768 0.18990384615384615
0 0.5492788461538461 0.08533653846153846 0.09375 0.17067307692307693
0 0.421875 0.27283653846153844 0.09375 0.18509615384615385
0 0.49399038461538464 0.2668269230769231 0.16105769230769232 0.1971153846153846
0 0.9459134615384616 0.09134615384615384 0.10336538461538461 0.18269230769230768
0 0.9314903846153846 0.2536057692307692 0.13221153846153846 0.11778846153846154
0 0.39302884615384615 0.8305288461538461 0.17307692307692307 0.3245192307692308
0 0.5709134615384616 0.7752403846153846 0.05048076923076923 0.23317307692307693
0 0.24759615384615385 0.8653846153846154 0.09615384615384616 0.2644230769230769
0 0.08413461538461539 0.9170673076923077 0.10096153846153846 0.16105769230769232
0 0.48197115384615385 0.8774038461538461 0.07932692307692307 0.2403846153846154
0 0.8641826923076923 0.7307692307692307 0.07091346153846154 0.27163461538461536