0 0.15504807692307693 0.28365384615384615 0.17548076923076922 0.2644230769230769
0 0.44591346153846156 0.3317307692307692 0.07451923076923077 0.16826923076923078
0 0.40024038461538464 0.25841346153846156 0.18269230769230768 0.23076923076923078
0 0.3701923076923077 0.30528846153846156 0.03365384615384615 0.22115384615384615
0 0.028846153846153848 0.3161057692307692 0.057692307692307696 0.19951923076923078
0 0.2439903846153846 0.328125 0.07932692307692307 0.17548076923076922
0 0.5745192307692307 0.052884615384615384 0.12980769230769232 0.10576923076923077
0 0.6021634615384616 0.3137019230769231 0.11778846153846154 0.20432692307692307
0 0.4651442307692308 0.7139423076923077 0.08413461538461539 0.5576923076923077
0 0.10336538461538461 0.5504807692307693 0.20673076923076922 0.2644230769230769
0 0.6574519230769231 0.5444711538461539 0.15144230769230768 0.25240384615384615
0 0.9651442307692307 0.5396634615384616 0.06490384615384616 0.22355769230769232
0 0.8521634615384616 0.8064903846153846 0.09014423076923077 0.29086538461538464
0 0.9206730769230769 0.7824519230769231 0.15384615384615385 0.2668269230769231