0 0.054086538461538464 0.4495192307692308 0.10817307692307693 0.3269230769230769
0 0.30528846153846156 0.5048076923076923 0.0625 0.24519230769230768
0 0.2548076923076923 0.39302884615384615 0.16346153846153846 0.23317307692307693
0 0.23557692307692307 0.47836538461538464 0.03365384615384615 0.2980769230769231
0 0.109375 0.5012019230769231 0.07932692307692307 0.25240384615384615
0 0.6574519230769231 0.18509615384615385 0.1814903846153846 0.1971153846153846
0 0.6358173076923077 0.35697115384615385 0.19591346153846154 0.1141826923076923
0 0.7355769230769231 0.5721153846153846 0.10096153846153846 0.11057692307692307
0 0.3641826923076923 0.9543269230769231 0.05048076923076923 0.08653846153846154
0 0.36538461538461536 0.875 0.052884615384615384 0.057692307692307696
0 0.8485576923076923 0.734375 0.11538461538461539 0.2091346153846154
0 0.96875 0.8954326923076923 0.057692307692307696 0.20432692307692307