0 0.10216346153846154 0.11778846153846154 0.1658653846153846 0.23557692307692307
0 0.2283653846153846 0.2980769230769231 0.1346153846153846 0.09615384615384616
0 0.6069711538461539 0.12860576923076922 0.21754807692307693 0.20432692307692307
0 0.7596153846153846 0.014423076923076924 0.21153846153846154 0.028846153846153848
0 0.8377403846153846 0.21033653846153846 0.07932692307692307 0.27163461538461536
0 0.9735576923076923 0.19471153846153846 0.04807692307692308 0.14903846153846154
0 0.9495192307692307 0.140625 0.09615384615384616 0.1658653846153846
0 0.8317307692307693 0.25721153846153844 0.1346153846153846 0.1778846153846154
0 0.052884615384615384 0.6646634615384616 0.10576923076923077 0.4014423076923077
0 0.5504807692307693 0.5805288461538461 0.125 0.20432692307692307
0 0.6081730769230769 0.9230769230769231 0.08173076923076923 0.14903846153846154
0 0.5516826923076923 0.9399038461538461 0.06971153846153846 0.11538461538461539