0 0.3870192307692308 0.23317307692307693 0.1778846153846154 0.46634615384615385
0 0.43990384615384615 0.3233173076923077 0.07211538461538461 0.2860576923076923
0 0.5360576923076923 0.4050480769230769 0.11538461538461539 0.12259615384615384
0 0.5168269230769231 0.08413461538461539 0.07692307692307693 0.16826923076923078
0 0.15625 0.8365384615384616 0.125 0.32211538461538464
0 0.6021634615384616 0.5480769230769231 0.09375 0.15865384615384615
0 0.5216346153846154 0.7163461538461539 0.08653846153846154 0.17307692307692307
0 0.7235576923076923 0.8918269230769231 0.08052884615384616 0.21153846153846154
0 0.8701923076923077 0.8786057692307693 0.0733173076923077 0.23677884615384615
0 0.8149038461538461 0.9050480769230769 0.07692307692307693 0.18509615384615385
0 0.7776442307692307 0.640625 0.1466346153846154 0.34375
0 0.6778846153846154 0.6153846153846154 0.10576923076923077 0.2932692307692308
0 0.9302884615384616 0.6105769230769231 0.08653846153846154 0.28365384615384615