0 0.03245192307692308 0.09615384615384616 0.06490384615384616 0.19230769230769232
0 0.13942307692307693 0.41346153846153844 0.08173076923076923 0.125
0 0.2860576923076923 0.40024038461538464 0.07692307692307693 0.15144230769230768
0 0.23197115384615385 0.4266826923076923 0.07932692307692307 0.0985576923076923
0 0.1935096153846154 0.18870192307692307 0.1466346153846154 0.37740384615384615
0 0.5072115384615384 0.21995192307692307 0.07692307692307693 0.43990384615384615
0 0.48677884615384615 0.14783653846153846 0.08413461538461539 0.2956730769230769
0 0.09375 0.16826923076923078 0.1045673076923077 0.31490384615384615
0 0.34615384615384615 0.15865384615384615 0.08653846153846154 0.3173076923076923
0 0.78125 0.04447115384615385 0.34615384615384615 0.0889423076923077
0 0.6213942307692307 0.18269230769230768 0.1466346153846154 0.125
0 0.43028846153846156 0.5072115384615384 0.09134615384615384 0.057692307692307696
0 0.5048076923076923 0.53125 0.08173076923076923 0.10576923076923077
0 0.9411057692307693 0.5564903846153846 0.11298076923076923 0.15625
0 0.8978365384615384 0.5673076923076923 0.19951923076923078 0.1778846153846154