0 0.06971153846153846 0.23076923076923078 0.08052884615384616 0.21153846153846154
0 0.21634615384615385 0.21754807692307693 0.0733173076923077 0.23677884615384615
0 0.16105769230769232 0.2439903846153846 0.07692307692307693 0.18509615384615385
0 0.12379807692307693 0.07572115384615384 0.1466346153846154 0.15144230769230768
0 0.46033653846153844 0.10697115384615384 0.12259615384615384 0.21394230769230768
0 0.5204326923076923 0.16947115384615385 0.05048076923076923 0.3389423076923077
0 0.4170673076923077 0.03485576923076923 0.08413461538461539 0.06971153846153846
0 0.038461538461538464 0.05048076923076923 0.07692307692307693 0.10096153846153846
0 0.6850961538461539 0.06009615384615385 0.1778846153846154 0.1201923076923077
0 0.9014423076923077 0.21995192307692307 0.14903846153846154 0.23317307692307693
0 0.19831730769230768 0.49038461538461536 0.055288461538461536 0.2608173076923077
0 0.35216346153846156 0.46033653846153844 0.20432692307692307 0.16706730769230768
0 0.36177884615384615 0.47475961538461536 0.08413461538461539 0.1622596153846154
0 0.037259615384615384 0.4362980769230769 0.07451923076923077 0.1466346153846154
0 0.125 0.42908653846153844 0.07692307692307693 0.18028846153846154
0 0.16346153846153846 0.3713942307692308 0.11057692307692307 0.06490384615384616
0 0.9771634615384616 0.8689903846153846 0.040865384615384616 0.25721153846153844
0 0.8449519230769231 0.8737980769230769 0.06009615384615385 0.24759615384615385
0 0.9038461538461539 0.7223557692307693 0.05048076923076923 0.27884615384615385
0 0.5901442307692307 0.7572115384615384 0.08413461538461539 0.2980769230769231
0 0.6538461538461539 0.890625 0.038461538461538464 0.21394230769230768
0 0.7884615384615384 0.9567307692307693 0.0673076923076923 0.08173076923076923
0 0.9110576923076923 0.9266826923076923 0.0673076923076923 0.14182692307692307