0 0.5096153846153846 0.3581730769230769 0.09615384615384616 0.1778846153846154
0 0.8401442307692307 0.06129807692307692 0.19591346153846154 0.1141826923076923
0 0.9399038461538461 0.3317307692307692 0.0985576923076923 0.21875
0 0.5637019230769231 0.6454326923076923 0.06490384615384616 0.2860576923076923
0 0.5649038461538461 0.8689903846153846 0.036057692307692304 0.2512019230769231
0 0.5300480769230769 0.8149038461538461 0.05048076923076923 0.36538461538461536
0 0.31009615384615385 0.5372596153846154 0.10576923076923077 0.17548076923076922
0 0.40625 0.9110576923076923 0.057692307692307696 0.17307692307692307
0 0.26802884615384615 0.8401442307692307 0.07932692307692307 0.31490384615384615
0 0.31490384615384615 0.8004807692307693 0.054086538461538464 0.36658653846153844
0 0.38100961538461536 0.6286057692307693 0.046875 0.2956730769230769
0 0.11658653846153846 0.8449519230769231 0.06009615384615385 0.30528846153846156
0 0.17548076923076922 0.6646634615384616 0.05048076923076923 0.27884615384615385
0 0.06009615384615385 0.9278846153846154 0.0673076923076923 0.13942307692307693
0 0.18269230769230768 0.8978365384615384 0.0673076923076923 0.19951923076923078
0 0.7091346153846154 0.8389423076923077 0.14783653846153846 0.28365384615384615
0 0.671875 0.4855769230769231 0.1466346153846154 0.07211538461538461