0 0.34975961538461536 0.054086538461538464 0.15625 0.10817307692307693
0 0.390625 0.2956730769230769 0.11778846153846154 0.16346153846153846
0 0.20192307692307693 0.18509615384615385 0.1201923076923077 0.16346153846153846
0 0.6730769230769231 0.25240384615384615 0.16826923076923078 0.25
0 0.7764423076923077 0.14423076923076922 0.14903846153846154 0.28846153846153844
0 0.921875 0.15264423076923078 0.13221153846153846 0.30528846153846156
0 0.96875 0.21995192307692307 0.057692307692307696 0.27163461538461536
0 0.24639423076923078 0.6382211538461539 0.3112980769230769 0.42908653846153844
0 0.3293269230769231 0.4651442307692308 0.3701923076923077 0.17067307692307693
0 0.28725961538461536 0.4735576923076923 0.07451923076923077 0.1875
0 0.6622596153846154 0.6237980769230769 0.2091346153846154 0.43028846153846156
0 0.7175480769230769 0.4579326923076923 0.31971153846153844 0.15625
0 0.6502403846153846 0.46634615384615385 0.07451923076923077 0.17307692307692307