0 0.22235576923076922 0.2644230769230769 0.1658653846153846 0.16346153846153846
0 0.04567307692307692 0.14302884615384615 0.09014423076923077 0.19591346153846154
0 0.12740384615384615 0.14543269230769232 0.09615384615384616 0.29086538461538464
0 0.48677884615384615 0.17307692307692307 0.31490384615384615 0.34615384615384615
0 0.5697115384615384 0.040865384615384616 0.3701923076923077 0.08173076923076923
0 0.5276442307692307 0.04927884615384615 0.07451923076923077 0.0985576923076923
0 0.18509615384615385 0.5276442307692307 0.2403846153846154 0.3581730769230769
0 0.8882211538461539 0.6694711538461539 0.06850961538461539 0.28365384615384615
0 0.8870192307692307 0.8822115384615384 0.038461538461538464 0.23076923076923078
0 0.8521634615384616 0.8269230769230769 0.05048076923076923 0.34134615384615385
0 0.6322115384615384 0.5024038461538461 0.10216346153846154 0.28966346153846156
0 0.7283653846153846 0.9230769230769231 0.057692307692307696 0.14903846153846154
0 0.5901442307692307 0.8521634615384616 0.07932692307692307 0.29086538461538464
0 0.6370192307692307 0.8185096153846154 0.057692307692307696 0.3581730769230769
0 0.703125 0.6526442307692307 0.046875 0.2956730769230769
0 0.4387019230769231 0.8569711538461539 0.06009615384615385 0.28125
0 0.49759615384615385 0.6887019230769231 0.05048076923076923 0.27884615384615385
0 0.38221153846153844 0.9399038461538461 0.0673076923076923 0.11538461538461539
0 0.5048076923076923 0.9098557692307693 0.0673076923076923 0.17548076923076922