0 0.30288461538461536 0.2403846153846154 0.30528846153846156 0.4206730769230769
0 0.5168269230769231 0.19591346153846154 0.10096153846153846 0.28125
0 0.5456730769230769 0.08533653846153846 0.04326923076923077 0.17067307692307693
0 0.9483173076923077 0.09134615384615384 0.0985576923076923 0.18269230769230768
0 0.6646634615384616 0.2776442307692308 0.18990384615384615 0.47836538461538464
0 0.7007211538461539 0.18990384615384615 0.23798076923076922 0.3798076923076923
0 0.765625 0.23677884615384615 0.11778846153846154 0.4735576923076923
0 0.14302884615384615 0.8990384615384616 0.2860576923076923 0.1971153846153846
0 0.07932692307692307 0.9290865384615384 0.09615384615384616 0.13701923076923078
0 0.3293269230769231 0.6165865384615384 0.10096153846153846 0.19471153846153846
0 0.6262019230769231 0.796875 0.11298076923076923 0.4014423076923077