0 0.13341346153846154 0.375 0.06490384615384616 0.20192307692307693
0 0.23918269230769232 0.37740384615384615 0.0985576923076923 0.1971153846153846
0 0.7235576923076923 0.04807692307692308 0.07211538461538461 0.09615384615384616
0 0.7235576923076923 0.37740384615384615 0.057692307692307696 0.1971153846153846
0 0.9170673076923077 0.296875 0.06129807692307692 0.109375
0 0.30528846153846156 0.8233173076923077 0.39903846153846156 0.3485576923076923
0 0.17908653846153846 0.8221153846153846 0.35336538461538464 0.35096153846153844
0 0.5889423076923077 0.8810096153846154 0.0625 0.23317307692307693
0 0.8990384615384616 0.6550480769230769 0.11538461538461539 0.35336538461538464
0 0.7788461538461539 0.7680288461538461 0.25240384615384615 0.3858173076923077
0 0.7728365384615384 0.7379807692307693 0.10336538461538461 0.5192307692307693