0 0.28966346153846156 0.3954326923076923 0.09735576923076923 0.27884615384615385
0 0.38221153846153844 0.3786057692307692 0.10817307692307693 0.22115384615384615
0 0.609375 0.8401442307692307 0.07451923076923077 0.2620192307692308
0 0.07932692307692307 0.9266826923076923 0.08173076923076923 0.14182692307692307
0 0.22596153846153846 0.9134615384615384 0.07692307692307693 0.16826923076923078
0 0.171875 0.9399038461538461 0.07932692307692307 0.11538461538461539
0 0.13341346153846154 0.7956730769230769 0.1466346153846154 0.17307692307692307
0 0.4699519230769231 0.8269230769230769 0.12259615384615384 0.23557692307692307
0 0.546875 0.8545673076923077 0.08413461538461539 0.2860576923076923
0 0.4266826923076923 0.7548076923076923 0.08413461538461539 0.09134615384615384
0 0.04326923076923077 0.7704326923076923 0.08653846153846154 0.12259615384615384
0 0.2860576923076923 0.765625 0.08653846153846154 0.11298076923076923
0 0.6887019230769231 0.8449519230769231 0.07932692307692307 0.27163461538461536
0 0.9110576923076923 0.9375 0.14423076923076922 0.1201923076923077