0 0.31009615384615385 0.2536057692307692 0.20192307692307693 0.5072115384615384
0 0.15625 0.2536057692307692 0.19230769230769232 0.5072115384615384
0 0.5853365384615384 0.20432692307692307 0.03125 0.40865384615384615
0 0.7295673076923077 0.34134615384615385 0.1466346153846154 0.3317307692307692
0 0.9891826923076923 0.35336538461538464 0.016826923076923076 0.3076923076923077
0 0.6298076923076923 0.36658653846153844 0.10576923076923077 0.28125
0 0.8822115384615384 0.2692307692307692 0.08653846153846154 0.47596153846153844
0 0.6682692307692307 0.14182692307692307 0.057692307692307696 0.20072115384615385
0 0.8112980769230769 0.1141826923076923 0.06971153846153846 0.2283653846153846
0 0.07692307692307693 0.9278846153846154 0.125 0.13942307692307693
0 0.7127403846153846 0.6766826923076923 0.23317307692307693 0.33413461538461536