0 0.48677884615384615 0.19591346153846154 0.09375 0.3918269230769231
0 0.6622596153846154 0.30288461538461536 0.1466346153846154 0.28846153846153844
0 0.9675480769230769 0.28365384615384615 0.06009615384615385 0.3269230769230769
0 0.9555288461538461 0.31490384615384615 0.08413461538461539 0.2644230769230769
0 0.5625 0.328125 0.10576923076923077 0.23798076923076922
0 0.8149038461538461 0.23076923076923078 0.08653846153846154 0.4326923076923077
0 0.9254807692307693 0.028846153846153848 0.09134615384615384 0.057692307692307696
0 0.6009615384615384 0.125 0.057692307692307696 0.20072115384615385
0 0.7439903846153846 0.10576923076923077 0.06971153846153846 0.21153846153846154
0 0.18870192307692307 0.6370192307692307 0.08052884615384616 0.22956730769230768
0 0.2848557692307692 0.8473557692307693 0.054086538461538464 0.22355769230769232
0 0.8930288461538461 0.5360576923076923 0.06971153846153846 0.17307692307692307
0 0.8918269230769231 0.703125 0.036057692307692304 0.2512019230769231
0 0.8569711538461539 0.6730769230769231 0.046875 0.4098557692307692
0 0.7331730769230769 0.7884615384615384 0.054086538461538464 0.25721153846153844
0 0.5949519230769231 0.7391826923076923 0.07692307692307693 0.4423076923076923
0 0.6418269230769231 0.6346153846153846 0.054086538461538464 0.36658653846153844
0 0.7079326923076923 0.53125 0.05048076923076923 0.16346153846153846
0 0.44350961538461536 0.7632211538461539 0.057692307692307696 0.4699519230769231
0 0.5024038461538461 0.5444711538461539 0.052884615384615384 0.18990384615384615
0 0.5096153846153846 0.8016826923076923 0.06490384615384616 0.3389423076923077