0 0.21033653846153846 0.3161057692307692 0.22355769230769232 0.45913461538461536
0 0.17067307692307693 0.17067307692307693 0.1346153846153846 0.34134615384615385
0 0.6105769230769231 0.38100961538461536 0.10216346153846154 0.2127403846153846
0 0.6971153846153846 0.4074519230769231 0.09134615384615384 0.2764423076923077
0 0.9254807692307693 0.5228365384615384 0.14423076923076922 0.04567307692307692
0 0.9495192307692307 0.25721153846153844 0.09615384615384616 0.20673076923076922
0 0.1310096153846154 0.5997596153846154 0.15144230769230768 0.10336538461538461
0 0.453125 0.5901442307692307 0.09375 0.08413461538461539
0 0.32572115384615385 0.7872596153846154 0.09014423076923077 0.29086538461538464
0 0.39783653846153844 0.7632211538461539 0.15985576923076922 0.2644230769230769
0 0.8725961538461539 0.6021634615384616 0.22115384615384615 0.10817307692307693
0 0.7764423076923077 0.6129807692307693 0.20192307692307693 0.12980769230769232