0 0.08533653846153846 0.28966346153846156 0.17067307692307693 0.4543269230769231
0 0.04326923076923077 0.15865384615384615 0.08653846153846154 0.3173076923076923
0 0.6646634615384616 0.12620192307692307 0.17067307692307693 0.25240384615384615
0 0.7560096153846154 0.21153846153846154 0.07451923076923077 0.4230769230769231
0 0.7536057692307693 0.3016826923076923 0.2439903846153846 0.3389423076923077
0 0.890625 0.06129807692307692 0.21394230769230768 0.12259615384615384
0 0.4519230769230769 0.14543269230769232 0.06850961538461539 0.19110576923076922
0 0.051682692307692304 0.6514423076923077 0.10336538461538461 0.2644230769230769
0 0.30649038461538464 0.7475961538461539 0.07091346153846154 0.3870192307692308
0 0.2608173076923077 0.5997596153846154 0.18509615384615385 0.16105769230769232
0 0.23076923076923078 0.6622596153846154 0.03365384615384615 0.2860576923076923
0 0.06971153846153846 0.9362980769230769 0.07692307692307693 0.12259615384615384
0 0.1045673076923077 0.6971153846153846 0.07572115384615384 0.3016826923076923
0 0.5444711538461539 0.6346153846153846 0.15144230769230768 0.23076923076923078
0 0.7560096153846154 0.7872596153846154 0.16346153846153846 0.41225961538461536
0 0.45072115384615385 0.6887019230769231 0.08413461538461539 0.24759615384615385