0 0.296875 0.1778846153846154 0.37740384615384615 0.3557692307692308
0 0.5360576923076923 0.15264423076923078 0.08413461538461539 0.234375
0 0.8052884615384616 0.3786057692307692 0.09134615384615384 0.08774038461538461
0 0.2127403846153846 0.6310096153846154 0.17548076923076922 0.2860576923076923
0 0.47596153846153844 0.7379807692307693 0.019230769230769232 0.3894230769230769
0 0.4254807692307692 0.5793269230769231 0.1201923076923077 0.18269230769230768
0 0.4266826923076923 0.6430288461538461 0.03125 0.3016826923076923
0 0.06610576923076923 0.6538461538461539 0.09375 0.2800480769230769
0 0.08413461538461539 0.8725961538461539 0.08653846153846154 0.25
0 0.2668269230769231 0.9314903846153846 0.07692307692307693 0.13221153846153846
0 0.3016826923076923 0.6875 0.07572115384615384 0.3016826923076923
0 0.5673076923076923 0.8305288461538461 0.15865384615384615 0.33413461538461536
0 0.5973557692307693 0.6862980769230769 0.21875 0.39663461538461536