0 0.3425480769230769 0.10096153846153846 0.2091346153846154 0.20192307692307693
0 0.8497596153846154 0.2620192307692308 0.07091346153846154 0.27163461538461536
0 0.5396634615384616 0.234375 0.09254807692307693 0.2283653846153846
0 0.33533653846153844 0.4855769230769231 0.18509615384615385 0.17307692307692307
0 0.3137019230769231 0.6430288461538461 0.19591346153846154 0.1141826923076923
0 0.4050480769230769 0.9002403846153846 0.08413461538461539 0.19471153846153846
0 0.9266826923076923 0.7331730769230769 0.14182692307692307 0.5288461538461539
0 0.8088942307692307 0.7139423076923077 0.06971153846153846 0.4639423076923077
0 0.5985576923076923 0.7259615384615384 0.203125 0.5
0 0.5228365384615384 0.7992788461538461 0.13221153846153846 0.39663461538461536
0 0.6923076923076923 0.84375 0.1201923076923077 0.3076923076923077
0 0.9783653846153846 0.4855769230769231 0.038461538461538464 0.16346153846153846