0 0.46153846153846156 0.10336538461538461 0.16826923076923078 0.20673076923076922
0 0.6201923076923077 0.2620192307692308 0.14423076923076922 0.20673076923076922
0 0.734375 0.09735576923076923 0.2091346153846154 0.125
0 0.8137019230769231 0.359375 0.07572115384615384 0.3016826923076923
0 0.9771634615384616 0.5 0.040865384615384616 0.2932692307692308
0 0.9615384615384616 0.3269230769230769 0.07211538461538461 0.14903846153846154
0 0.9375 0.27283653846153844 0.1201923076923077 0.1658653846153846
0 0.8076923076923077 0.421875 0.13341346153846154 0.2403846153846154
0 0.22716346153846154 0.9182692307692307 0.15144230769230768 0.15865384615384615
0 0.6550480769230769 0.9230769230769231 0.07451923076923077 0.14903846153846154
0 0.5805288461538461 0.7367788461538461 0.06490384615384616 0.17548076923076922
0 0.8149038461538461 0.8665865384615384 0.04326923076923077 0.16346153846153846
0 0.8641826923076923 0.7463942307692307 0.06129807692307692 0.14182692307692307
0 0.7668269230769231 0.7512019230769231 0.039663461538461536 0.1201923076923077
0 0.7944711538461539 0.7283653846153846 0.04567307692307692 0.15865384615384615