0 0.32572115384615385 0.23317307692307693 0.21394230769230768 0.44711538461538464
0 0.421875 0.35096153846153844 0.19951923076923078 0.21153846153846154
0 0.06850961538461539 0.2403846153846154 0.13701923076923078 0.3125
0 0.9266826923076923 0.3401442307692308 0.14182692307692307 0.22355769230769232
0 0.7620192307692307 0.18870192307692307 0.09014423076923077 0.19591346153846154
0 0.84375 0.17067307692307693 0.09375 0.328125
0 0.17307692307692307 0.8617788461538461 0.23677884615384615 0.17427884615384615
0 0.3629807692307692 0.5168269230769231 0.08653846153846154 0.11538461538461539
0 0.46274038461538464 0.6141826923076923 0.12740384615384615 0.31009615384615385
0 0.6862980769230769 0.6658653846153846 0.31490384615384615 0.41346153846153844
0 0.6117788461538461 0.7283653846153846 0.1658653846153846 0.5384615384615384