0 0.24639423076923078 0.13701923076923078 0.23798076923076922 0.1971153846153846
0 0.38822115384615385 0.026442307692307692 0.040865384615384616 0.052884615384615384
0 0.6418269230769231 0.11778846153846154 0.057692307692307696 0.23557692307692307
0 0.7944711538461539 0.09254807692307693 0.20432692307692307 0.16706730769230768
0 0.8040865384615384 0.10697115384615384 0.08413461538461539 0.1622596153846154
0 0.4110576923076923 0.0673076923076923 0.07211538461538461 0.1346153846153846
0 0.47596153846153844 0.07091346153846154 0.08173076923076923 0.14182692307692307
0 0.5673076923076923 0.07572115384615384 0.07692307692307693 0.15144230769230768
0 0.6057692307692307 0.018028846153846152 0.11057692307692307 0.036057692307692304
0 0.10697115384615384 0.5408653846153846 0.12379807692307693 0.20192307692307693
0 0.1658653846153846 0.9038461538461539 0.08173076923076923 0.1875
0 0.109375 0.9134615384615384 0.06850961538461539 0.13701923076923078
0 0.7367788461538461 0.5096153846153846 0.1814903846153846 0.1971153846153846
0 0.7151442307692307 0.6814903846153846 0.19591346153846154 0.1141826923076923
0 0.8149038461538461 0.9194711538461539 0.10096153846153846 0.15625