0 0.19230769230769232 0.2247596153846154 0.08052884615384616 0.3329326923076923
0 0.17067307692307693 0.09014423076923077 0.052884615384615384 0.18028846153846154
0 0.4206730769230769 0.5420673076923077 0.14423076923076922 0.1466346153846154
0 0.5060096153846154 0.2247596153846154 0.21754807692307693 0.20432692307692307
0 0.6586538461538461 0.0625 0.21153846153846154 0.125
0 0.7367788461538461 0.3233173076923077 0.07572115384615384 0.3016826923076923
0 0.9387019230769231 0.46634615384615385 0.11778846153846154 0.2980769230769231
0 0.9230769230769231 0.29086538461538464 0.14903846153846154 0.14903846153846154
0 0.8798076923076923 0.23677884615384615 0.15504807692307693 0.16466346153846154
0 0.7307692307692307 0.3858173076923077 0.13341346153846154 0.2403846153846154
0 0.33774038461538464 0.8870192307692307 0.11778846153846154 0.22115384615384615
0 0.41586538461538464 0.7776442307692307 0.14903846153846154 0.31971153846153844
0 0.5612980769230769 0.7860576923076923 0.13221153846153846 0.33653846153846156
0 0.6298076923076923 0.8653846153846154 0.10096153846153846 0.2644230769230769
0 0.9495192307692307 0.7091346153846154 0.09615384615384616 0.18269230769230768
0 0.8389423076923077 0.7740384615384616 0.2548076923076923 0.3125
0 0.8329326923076923 0.8076923076923077 0.10336538461538461 0.3798076923076923