0 0.3016826923076923 0.38221153846153844 0.21875 0.16826923076923078
0 0.453125 0.23677884615384615 0.2091346153846154 0.125
0 0.5324519230769231 0.40625 0.07932692307692307 0.1201923076923077
0 0.9519230769230769 0.3786057692307692 0.08173076923076923 0.17548076923076922
0 0.8088942307692307 0.30528846153846156 0.12259615384615384 0.32211538461538464
0 0.765625 0.33653846153846156 0.08413461538461539 0.25961538461538464
0 0.6382211538461539 0.25240384615384615 0.06009615384615385 0.42788461538461536
0 0.7355769230769231 0.040865384615384616 0.09134615384615384 0.08173076923076923
0 0.1502403846153846 0.6081730769230769 0.09375 0.27884615384615385
0 0.06129807692307692 0.8365384615384616 0.10096153846153846 0.17067307692307693
0 0.27163461538461536 0.9519230769230769 0.08173076923076923 0.09134615384615384
0 0.4182692307692308 0.9387019230769231 0.07692307692307693 0.11778846153846154
0 0.3641826923076923 0.9651442307692307 0.07932692307692307 0.06490384615384616
0 0.32572115384615385 0.7235576923076923 0.14302884615384615 0.4170673076923077
0 0.5913461538461539 0.6947115384615384 0.028846153846153848 0.3125
0 0.22596153846153846 0.7235576923076923 0.1045673076923077 0.31490384615384615
0 0.47836538461538464 0.6706730769230769 0.08653846153846154 0.40384615384615385
0 0.265625 0.5252403846153846 0.06009615384615385 0.11298076923076923
0 0.4074519230769231 0.5180288461538461 0.06971153846153846 0.0985576923076923
0 0.6514423076923077 0.5829326923076923 0.08653846153846154 0.2283653846153846