0 0.27884615384615385 0.24759615384615385 0.24879807692307693 0.2848557692307692
0 0.5661057692307693 0.2692307692307692 0.31490384615384615 0.5384615384615384
0 0.5492788461538461 0.22716346153846154 0.28125 0.4543269230769231
0 0.1141826923076923 0.8161057692307693 0.10336538461538461 0.3629807692307692
0 0.24759615384615385 0.7608173076923077 0.055288461538461536 0.21875
0 0.3641826923076923 0.9387019230769231 0.08413461538461539 0.11778846153846154
0 0.3954326923076923 0.71875 0.021634615384615384 0.16826923076923078
0 0.1875 0.7451923076923077 0.05889423076923077 0.19831730769230768
0 0.10216346153846154 0.7908653846153846 0.051682692307692304 0.21394230769230768
0 0.5805288461538461 0.9290865384615384 0.11298076923076923 0.13701923076923078
0 0.9375 0.7487980769230769 0.07572115384615384 0.20552884615384615
0 0.671875 0.6862980769230769 0.056490384615384616 0.09975961538461539
0 0.6262019230769231 0.6622596153846154 0.04927884615384615 0.10576923076923077