0 0.18389423076923078 0.23677884615384615 0.24278846153846154 0.45913461538461536
0 0.5588942307692307 0.3473557692307692 0.07451923076923077 0.23798076923076922
0 0.4831730769230769 0.10216346153846154 0.0673076923076923 0.20432692307692307
0 0.6850961538461539 0.43509615384615385 0.08653846153846154 0.0625
0 0.71875 0.24639423076923078 0.04326923076923077 0.16346153846153846
0 0.7680288461538461 0.12620192307692307 0.06129807692307692 0.14182692307692307
0 0.6706730769230769 0.1310096153846154 0.039663461538461536 0.1201923076923077
0 0.6971153846153846 0.10096153846153846 0.04326923076923077 0.16947115384615385
0 0.08173076923076923 0.7319711538461539 0.10336538461538461 0.47115384615384615
0 0.24639423076923078 0.7451923076923077 0.09975961538461539 0.3798076923076923
0 0.3798076923076923 0.6814903846153846 0.055288461538461536 0.21875
0 0.31971153846153844 0.6658653846153846 0.05889423076923077 0.19831730769230768
0 0.0733173076923077 0.5072115384615384 0.1466346153846154 0.07692307692307693
0 0.234375 0.7115384615384616 0.051682692307692304 0.21394230769230768