0 0.07211538461538461 0.06370192307692307 0.04326923076923077 0.12740384615384615
0 0.32572115384615385 0.1971153846153846 0.055288461538461536 0.2608173076923077
0 0.09615384615384616 0.11057692307692307 0.06971153846153846 0.19230769230769232
0 0.16105769230769232 0.14302884615384615 0.07932692307692307 0.14543269230769232
0 0.25240384615384615 0.11298076923076923 0.07692307692307693 0.22596153846153846
0 0.29086538461538464 0.055288461538461536 0.11057692307692307 0.11057692307692307
0 0.8028846153846154 0.19831730769230768 0.10096153846153846 0.39663461538461536
0 0.5997596153846154 0.0673076923076923 0.21875 0.1346153846153846
0 0.2608173076923077 0.8257211538461539 0.29086538461538464 0.34375
0 0.15144230769230768 0.5492788461538461 0.08173076923076923 0.0985576923076923
0 0.7295673076923077 0.6911057692307693 0.0985576923076923 0.22596153846153846