0 0.24278846153846154 0.31850961538461536 0.042067307692307696 0.1622596153846154
0 0.4963942307692308 0.47115384615384615 0.055288461538461536 0.2608173076923077
0 0.6177884615384616 0.4411057692307692 0.13942307692307693 0.17067307692307693
0 0.6526442307692307 0.45552884615384615 0.06971153846153846 0.1658653846153846
0 0.2668269230769231 0.38461538461538464 0.06971153846153846 0.19230769230769232
0 0.3317307692307692 0.4170673076923077 0.07932692307692307 0.14543269230769232
0 0.421875 0.3786057692307692 0.07451923076923077 0.23918269230769232
0 0.46153846153846156 0.3173076923076923 0.10697115384615384 0.13221153846153846
0 0.8762019230769231 0.4326923076923077 0.24278846153846154 0.40865384615384615
0 0.25841346153846156 0.9771634615384616 0.08413461538461539 0.040865384615384616
0 0.2403846153846154 0.9206730769230769 0.12379807692307693 0.054086538461538464
0 0.8052884615384616 0.9110576923076923 0.08653846153846154 0.17307692307692307