0 0.140625 0.26322115384615385 0.17067307692307693 0.20432692307692307
0 0.23197115384615385 0.31490384615384615 0.07451923076923077 0.10096153846153846
0 0.2980769230769231 0.18269230769230768 0.07692307692307693 0.36538461538461536
0 0.9399038461538461 0.10697115384615384 0.038461538461538464 0.21394230769230768
0 0.9050480769230769 0.13221153846153846 0.05048076923076923 0.2644230769230769
0 0.78125 0.17307692307692307 0.054086538461538464 0.25721153846153844
0 0.6430288461538461 0.17307692307692307 0.07932692307692307 0.34615384615384615
0 0.6899038461538461 0.10216346153846154 0.057692307692307696 0.20432692307692307
0 0.49158653846153844 0.18269230769230768 0.06009615384615385 0.36538461538461536
0 0.43509615384615385 0.22115384615384615 0.0673076923076923 0.28846153846153844
0 0.5576923076923077 0.18629807692307693 0.06490384615384616 0.3389423076923077
0 0.04447115384615385 0.5432692307692307 0.07091346153846154 0.27163461538461536
0 0.8942307692307693 0.703125 0.17908653846153846 0.484375
0 0.7139423076923077 0.49399038461538464 0.15384615384615385 0.25240384615384615
0 0.4110576923076923 0.8629807692307693 0.10576923076923077 0.2692307692307692
0 0.6850961538461539 0.7439903846153846 0.11899038461538461 0.5036057692307693