0 0.038461538461538464 0.2692307692307692 0.057692307692307696 0.2932692307692308
0 0.4326923076923077 0.2956730769230769 0.11538461538461539 0.2403846153846154
0 0.3125 0.3641826923076923 0.2548076923076923 0.10336538461538461
0 0.30649038461538464 0.2848557692307692 0.10336538461538461 0.2620192307692308
0 0.7872596153846154 0.039663461538461536 0.18509615384615385 0.07932692307692307
0 0.03125 0.6165865384615384 0.0625 0.3004807692307692
0 0.20552884615384615 0.4735576923076923 0.15144230769230768 0.11057692307692307
0 0.5084134615384616 0.4639423076923077 0.055288461538461536 0.09134615384615384
0 0.40024038461538464 0.6646634615384616 0.09014423076923077 0.29086538461538464
0 0.4639423076923077 0.640625 0.14423076923076922 0.2668269230769231
0 0.5757211538461539 0.7151442307692307 0.07451923076923077 0.19471153846153846