0 0.13942307692307693 0.24278846153846154 0.27884615384615385 0.4855769230769231
0 0.12259615384615384 0.27283653846153844 0.24519230769230768 0.4254807692307692
0 0.640625 0.1875 0.23798076923076922 0.375
0 0.7091346153846154 0.0829326923076923 0.22115384615384615 0.1658653846153846
0 0.5240384615384616 0.6766826923076923 0.028846153846153848 0.1658653846153846
0 0.7704326923076923 0.8293269230769231 0.055288461538461536 0.2608173076923077
0 0.9098557692307693 0.7992788461538461 0.17548076923076922 0.17067307692307693
0 0.9338942307692307 0.8137019230769231 0.08413461538461539 0.1622596153846154
0 0.5432692307692307 0.7439903846153846 0.0673076923076923 0.19471153846153846
0 0.6057692307692307 0.7752403846153846 0.07932692307692307 0.14543269230769232
0 0.6959134615384616 0.7367788461538461 0.07451923076923077 0.23918269230769232
0 0.7355769230769231 0.6754807692307693 0.10697115384615384 0.13221153846153846