0 0.59375 0.2692307692307692 0.10576923076923077 0.3942307692307692
0 0.02283653846153846 0.6033653846153846 0.04567307692307692 0.2692307692307692
0 0.12740384615384615 0.53125 0.057692307692307696 0.125
0 0.24879807692307693 0.7223557692307693 0.09375 0.24278846153846154
0 0.0673076923076923 0.5180288461538461 0.0625 0.0985576923076923
0 0.5721153846153846 0.6526442307692307 0.24879807692307693 0.25240384615384615
0 0.6887019230769231 0.5420673076923077 0.14182692307692307 0.1466346153846154
0 0.4795673076923077 0.5120192307692307 0.18028846153846154 0.08653846153846154
0 0.5697115384615384 0.7884615384615384 0.1502403846153846 0.13341346153846154
0 0.7259615384615384 0.9026442307692307 0.046875 0.17908653846153846
0 0.6814903846153846 0.9182692307692307 0.055288461538461536 0.15865384615384615
0 0.7439903846153846 0.5913461538461539 0.07451923076923077 0.24519230769230768