0 0.11538461538461539 0.33774038461538464 0.054086538461538464 0.39903846153846156
0 0.65625 0.17908653846153846 0.24879807692307693 0.25240384615384615
0 0.7728365384615384 0.07091346153846154 0.14182692307692307 0.14182692307692307
0 0.5769230769230769 0.040865384615384616 0.15384615384615385 0.08173076923076923
0 0.6538461538461539 0.31490384615384615 0.1502403846153846 0.13341346153846154
0 0.8100961538461539 0.42908653846153844 0.046875 0.17908653846153846
0 0.765625 0.4519230769230769 0.051682692307692304 0.171875
0 0.828125 0.1201923076923077 0.07451923076923077 0.2403846153846154
0 0.3425480769230769 0.9447115384615384 0.23798076923076922 0.10576923076923077
0 0.39903846153846156 0.8545673076923077 0.1971153846153846 0.2860576923076923
0 0.7548076923076923 0.8713942307692307 0.08173076923076923 0.25240384615384615