0 0.36538461538461536 0.2283653846153846 0.0625 0.4567307692307692
0 0.6911057692307693 0.10576923076923077 0.15144230769230768 0.21153846153846154
0 0.9026442307692307 0.24879807692307693 0.16346153846153846 0.41225961538461536
0 0.5324519230769231 0.1502403846153846 0.21153846153846154 0.24639423076923078
0 0.2920673076923077 0.8389423076923077 0.12259615384615384 0.3173076923076923
0 0.24879807692307693 0.8701923076923077 0.08413461538461539 0.2548076923076923
0 0.10817307692307693 0.7860576923076923 0.08653846153846154 0.4230769230769231
0 0.21875 0.5384615384615384 0.09134615384615384 0.15865384615384615
0 0.037259615384615384 0.6442307692307693 0.06610576923076923 0.25240384615384615
0 0.7067307692307693 0.8293269230769231 0.20192307692307693 0.33653846153846156
0 0.8461538461538461 0.8209134615384616 0.30288461538461536 0.35336538461538464
0 0.9206730769230769 0.7644230769230769 0.15384615384615385 0.4423076923076923
0 0.7716346153846154 0.6033653846153846 0.13942307692307693 0.28846153846153844
0 0.9831730769230769 0.7572115384615384 0.028846153846153848 0.4807692307692308