0 0.12259615384615384 0.21153846153846154 0.12379807692307693 0.41586538461538464
0 0.16105769230769232 0.4735576923076923 0.20192307692307693 0.1875
0 0.8004807692307693 0.4519230769230769 0.3942307692307692 0.23076923076923078
0 0.5360576923076923 0.2776442307692308 0.11538461538461539 0.5552884615384616
0 0.009615384615384616 0.6887019230769231 0.019230769230769232 0.1658653846153846
0 0.2512019230769231 0.8413461538461539 0.055288461538461536 0.2608173076923077
0 0.3894230769230769 0.8112980769230769 0.17307692307692307 0.17067307692307693
0 0.41466346153846156 0.8257211538461539 0.08413461538461539 0.1622596153846154
0 0.028846153846153848 0.7560096153846154 0.057692307692307696 0.19471153846153846
0 0.08653846153846154 0.7872596153846154 0.07932692307692307 0.14543269230769232
0 0.17668269230769232 0.7487980769230769 0.07451923076923077 0.23918269230769232
0 0.21634615384615385 0.6875 0.10697115384615384 0.13221153846153846
0 0.7956730769230769 0.5805288461538461 0.052884615384615384 0.021634615384615384
0 0.9735576923076923 0.6778846153846154 0.02283653846153846 0.06370192307692307