0 0.8064903846153846 0.15985576923076922 0.06850961538461539 0.28365384615384615
0 0.8052884615384616 0.35697115384615385 0.038461538461538464 0.19951923076923078
0 0.7704326923076923 0.3016826923076923 0.05048076923076923 0.31009615384615385
0 0.5504807692307693 0.06971153846153846 0.10576923076923077 0.13942307692307693
0 0.6466346153846154 0.39783653846153844 0.057692307692307696 0.11778846153846154
0 0.5084134615384616 0.3269230769230769 0.07932692307692307 0.25961538461538464
0 0.5552884615384616 0.2932692307692308 0.057692307692307696 0.3269230769230769
0 0.6213942307692307 0.1466346153846154 0.05048076923076923 0.2932692307692308
0 0.3798076923076923 0.5408653846153846 0.038461538461538464 0.16346153846153846
0 0.26322115384615385 0.96875 0.05048076923076923 0.057692307692307696
0 0.13822115384615385 0.5733173076923077 0.0625 0.22716346153846154
0 0.8846153846153846 0.7872596153846154 0.10096153846153846 0.4206730769230769
0 0.6802884615384616 0.7223557692307693 0.21634615384615385 0.3293269230769231