0 0.0985576923076923 0.15504807692307693 0.125 0.31009615384615385
0 0.13701923076923078 0.42788461538461536 0.19951923076923078 0.3173076923076923
0 0.8641826923076923 0.29447115384615385 0.06850961538461539 0.28365384615384615
0 0.8629807692307693 0.5180288461538461 0.036057692307692304 0.2512019230769231
0 0.828125 0.4735576923076923 0.05048076923076923 0.38461538461538464
0 0.6502403846153846 0.13701923076923078 0.021634615384615384 0.27403846153846156
0 0.7043269230769231 0.5697115384615384 0.057692307692307696 0.19230769230769232
0 0.6790865384615384 0.2776442307692308 0.046875 0.2956730769230769
0 0.5625 0.7199519230769231 0.08173076923076923 0.10336538461538461
0 0.05889423076923077 0.8197115384615384 0.06490384615384616 0.30288461538461536
0 0.16466346153846154 0.8173076923076923 0.0985576923076923 0.2980769230769231
0 0.7728365384615384 0.7632211538461539 0.19591346153846154 0.1141826923076923
0 0.8725961538461539 0.9603365384615384 0.10096153846153846 0.07451923076923077