0 0.07211538461538461 0.055288461538461536 0.14423076923076922 0.11057692307692307
0 0.27163461538461536 0.21514423076923078 0.14903846153846154 0.24278846153846154
0 0.7391826923076923 0.15745192307692307 0.09014423076923077 0.29086538461538464
0 0.8112980769230769 0.13341346153846154 0.15985576923076922 0.2644230769230769
0 0.04326923076923077 0.7331730769230769 0.08653846153846154 0.3942307692307692
0 0.0889423076923077 0.8449519230769231 0.09735576923076923 0.2704326923076923
0 0.026442307692307692 0.4855769230769231 0.052884615384615384 0.2932692307692308
0 0.39302884615384615 0.5793269230769231 0.06490384615384616 0.3942307692307692
0 0.2980769230769231 0.7127403846153846 0.25240384615384615 0.3858173076923077
0 0.29086538461538464 0.6706730769230769 0.10096153846153846 0.6189903846153846
0 0.7692307692307693 0.5949519230769231 0.07932692307692307 0.2764423076923077