0 0.46634615384615385 0.1141826923076923 0.10576923076923077 0.2283653846153846
0 0.5625 0.46274038461538464 0.057692307692307696 0.06971153846153846
0 0.42427884615384615 0.3918269230769231 0.07932692307692307 0.21153846153846154
0 0.47115384615384615 0.3581730769230769 0.057692307692307696 0.27884615384615385
0 0.5372596153846154 0.23197115384615385 0.046875 0.2956730769230769
0 0.27283653846153844 0.39663461538461536 0.06009615384615385 0.20192307692307693
0 0.3317307692307692 0.26802884615384615 0.05048076923076923 0.27884615384615385
0 0.030048076923076924 0.30288461538461536 0.06009615384615385 0.2980769230769231
0 0.08173076923076923 0.41346153846153844 0.038461538461538464 0.16826923076923078
0 0.3389423076923077 0.4495192307692308 0.0673076923076923 0.09615384615384616
0 0.8052884615384616 0.2860576923076923 0.20192307692307693 0.4230769230769231
0 0.8954326923076923 0.2776442307692308 0.20432692307692307 0.43990384615384615
0 0.9699519230769231 0.19951923076923078 0.055288461538461536 0.39903846153846156
0 0.8701923076923077 0.08052884615384616 0.13942307692307693 0.16105769230769232
0 0.5913461538461539 0.8341346153846154 0.11057692307692307 0.3269230769230769
0 0.45072115384615385 0.8317307692307693 0.12259615384615384 0.3317307692307692
0 0.36658653846153844 0.9050480769230769 0.10336538461538461 0.18509615384615385
0 0.21514423076923078 0.9362980769230769 0.10336538461538461 0.12259615384615384
0 0.04927884615384615 0.8605769230769231 0.0985576923076923 0.27403846153846156
0 0.13942307692307693 0.9411057692307693 0.10576923076923077 0.11298076923076923
0 0.7043269230769231 0.9302884615384616 0.11057692307692307 0.1346153846153846