0 0.4362980769230769 0.27283653846153844 0.06850961538461539 0.28365384615384615
0 0.43509615384615385 0.44350961538461536 0.038461538461538464 0.1466346153846154
0 0.40024038461538464 0.38822115384615385 0.05048076923076923 0.25721153846153844
0 0.18028846153846154 0.12620192307692307 0.10576923076923077 0.25240384615384615
0 0.2764423076923077 0.484375 0.057692307692307696 0.06490384615384616
0 0.13822115384615385 0.41346153846153844 0.07932692307692307 0.20673076923076922
0 0.18509615384615385 0.3798076923076923 0.057692307692307696 0.27403846153846156
0 0.2512019230769231 0.25600961538461536 0.046875 0.2956730769230769
0 0.04567307692307692 0.2920673076923077 0.05048076923076923 0.27884615384615385
0 0.052884615384615384 0.47115384615384615 0.0673076923076923 0.09134615384615384
0 0.5264423076923077 0.33413461538461536 0.052884615384615384 0.3269230769230769
0 0.9483173076923077 0.22355769230769232 0.10216346153846154 0.3329326923076923
0 0.796875 0.265625 0.10216346153846154 0.2932692307692308
0 0.6153846153846154 0.14302884615384615 0.12980769230769232 0.2860576923076923
0 0.7211538461538461 0.29447115384615385 0.10216346153846154 0.3329326923076923
0 0.42788461538461536 0.6117788461538461 0.13942307692307693 0.18509615384615385
0 0.6682692307692307 0.8112980769230769 0.12379807692307693 0.19230769230769232