0 0.2764423076923077 0.12860576923076922 0.036057692307692304 0.2512019230769231
0 0.24158653846153846 0.15264423076923078 0.05048076923076923 0.30528846153846156
0 0.11778846153846154 0.21394230769230768 0.054086538461538464 0.25721153846153844
0 0.009615384615384616 0.1935096153846154 0.019230769230769232 0.3870192307692308
0 0.027644230769230768 0.12259615384615384 0.055288461538461536 0.24519230769230768
0 0.8653846153846154 0.40865384615384615 0.25 0.1778846153846154
0 0.21394230769230768 0.5805288461538461 0.25 0.16105769230769232
0 0.4951923076923077 0.9411057692307693 0.16826923076923078 0.11298076923076923
0 0.5985576923076923 0.8112980769230769 0.14903846153846154 0.37259615384615385
0 0.7439903846153846 0.8329326923076923 0.13221153846153846 0.3293269230769231
0 0.8125 0.9194711538461539 0.10096153846153846 0.15625
0 0.7475961538461539 0.6322115384615384 0.057692307692307696 0.2644230769230769
0 0.9459134615384616 0.8245192307692307 0.10336538461538461 0.34615384615384615
0 0.9807692307692307 0.7487980769230769 0.03365384615384615 0.49759615384615385