0 0.36778846153846156 0.41225961538461536 0.07692307692307693 0.0889423076923077
0 0.24879807692307693 0.4014423076923077 0.05048076923076923 0.11057692307692307
0 0.12379807692307693 0.046875 0.06490384615384616 0.09375
0 0.5492788461538461 0.15865384615384615 0.06971153846153846 0.3173076923076923
0 0.7776442307692307 0.12980769230769232 0.109375 0.18389423076923078
0 0.7199519230769231 0.3737980769230769 0.052884615384615384 0.08413461538461539
0 0.4651442307692308 0.056490384615384616 0.036057692307692304 0.11298076923076923
0 0.07451923076923077 0.6322115384615384 0.1201923076923077 0.34615384615384615
0 0.9747596153846154 0.7848557692307693 0.04567307692307692 0.2860576923076923
0 0.9819711538461539 0.9399038461538461 0.03125 0.11538461538461539
0 0.9507211538461539 0.8846153846153846 0.05048076923076923 0.22596153846153846
0 0.7307692307692307 0.6177884615384616 0.10216346153846154 0.28966346153846156
0 0.6887019230769231 0.9098557692307693 0.07932692307692307 0.17548076923076922
0 0.7355769230769231 0.8762019230769231 0.057692307692307696 0.24278846153846154
0 0.8016826923076923 0.7680288461538461 0.046875 0.2956730769230769
0 0.5372596153846154 0.9146634615384616 0.06009615384615385 0.1658653846153846
0 0.5961538461538461 0.8040865384615384 0.05048076923076923 0.27884615384615385