0 0.3137019230769231 0.2536057692307692 0.22355769230769232 0.4831730769230769
0 0.7259615384615384 0.3317307692307692 0.20192307692307693 0.3894230769230769
0 0.8557692307692307 0.3233173076923077 0.28365384615384615 0.40625
0 0.9302884615384616 0.2403846153846154 0.1346153846153846 0.4423076923076923
0 0.7908653846153846 0.11177884615384616 0.13942307692307693 0.22355769230769232
0 0.10216346153846154 0.7644230769230769 0.20432692307692307 0.28846153846153844
0 0.9891826923076923 0.8269230769230769 0.016826923076923076 0.34134615384615385
0 0.7860576923076923 0.5889423076923077 0.10576923076923077 0.1201923076923077
0 0.8822115384615384 0.9230769230769231 0.057692307692307696 0.14903846153846154
0 0.7439903846153846 0.8521634615384616 0.07932692307692307 0.29086538461538464
0 0.7908653846153846 0.8185096153846154 0.057692307692307696 0.3581730769230769
0 0.8569711538461539 0.6658653846153846 0.05048076923076923 0.27403846153846156
0 0.5925480769230769 0.8569711538461539 0.06009615384615385 0.28125
0 0.6514423076923077 0.6887019230769231 0.05048076923076923 0.27884615384615385
0 0.5360576923076923 0.9399038461538461 0.0673076923076923 0.11538461538461539
0 0.6586538461538461 0.9098557692307693 0.0673076923076923 0.17548076923076922