0 0.33413461538461536 0.3329326923076923 0.23557692307692307 0.24759615384615385
0 0.6670673076923077 0.2704326923076923 0.06009615384615385 0.37259615384615385
0 0.4963942307692308 0.20552884615384615 0.2439903846153846 0.2536057692307692
0 0.9639423076923077 0.125 0.0673076923076923 0.1346153846153846
0 0.9182692307692307 0.10336538461538461 0.15865384615384615 0.20673076923076922
0 0.7451923076923077 0.021634615384615384 0.09134615384615384 0.04326923076923077
0 0.8269230769230769 0.04567307692307692 0.09615384615384616 0.09134615384615384
0 0.5204326923076923 0.6394230769230769 0.08052884615384616 0.22956730769230768
0 0.6165865384615384 0.8497596153846154 0.054086538461538464 0.22355769230769232
0 0.9122596153846154 0.6502403846153846 0.07451923076923077 0.38221153846153844
0 0.8665865384615384 0.5192307692307693 0.18509615384615385 0.1201923076923077
0 0.8365384615384616 0.5817307692307693 0.03365384615384615 0.24519230769230768
0 0.7247596153846154 0.6033653846153846 0.05048076923076923 0.28846153846153844